1,M,0.955,1
2,T,0.906,1
3,S,0.877,1
4,P,0.828,1
5,E,0.819,1
6,G,0.795,1
7,A,0.735,1
8,Q,0.67,1
9,N,0.557,1
10,K,0.406,1
11,E,0.282,0
12,I,0.191,0
13,D,0.144,0
14,C,0.119,0
15,L,0.108,0
16,S,0.097,0
17,P,0.085,0
18,E,0.074,0
19,A,0.064,0
20,Q,0.058,0
21,R,0.056,0
22,L,0.057,0
23,A,0.057,0
24,E,0.054,0
25,A,0.045,0
26,R,0.035,0
27,L,0.031,0
28,A,0.03,0
29,A,0.029,0
30,K,0.026,0
31,R,0.025,0
32,A,0.024,0
33,A,0.024,0
34,R,0.025,0
35,A,0.027,0
36,E,0.027,0
37,A,0.025,0
38,R,0.023,0
39,E,0.022,0
40,I,0.021,0
41,R,0.021,0
42,M,0.022,0
43,K,0.022,0
44,E,0.022,0
45,L,0.022,0
46,E,0.022,0
47,R,0.021,0
48,Q,0.02,0
49,Q,0.019,0
50,K,0.017,0
51,E,0.015,0
52,I,0.015,0
53,Y,0.015,0
54,Q,0.016,0
55,V,0.016,0
56,Q,0.016,0
57,K,0.015,0
58,K,0.015,0
59,Y,0.016,0
60,Y,0.019,0
61,G,0.023,0
62,L,0.027,0
63,D,0.032,0
64,T,0.037,0
65,K,0.043,0
66,W,0.048,0
67,G,0.049,0
68,D,0.047,0
69,I,0.046,0
70,E,0.049,0
71,Q,0.059,0
72,W,0.071,0
73,M,0.085,0
74,E,0.102,0
75,D,0.125,0
76,S,0.152,0
77,E,0.186,0
78,R,0.225,0
79,Y,0.271,0
80,S,0.323,0
81,R,0.365,1
82,R,0.384,1
83,F,0.393,1
84,R,0.413,1
85,R,0.44,1
86,N,0.475,1
87,A,0.512,1
88,S,0.535,1
89,A,0.527,1
90,S,0.504,1
91,D,0.478,1
92,E,0.449,1
93,D,0.419,1
94,E,0.4,1
95,R,0.406,1
96,L,0.401,1
97,S,0.367,1
98,V,0.355,1
99,G,0.388,1
100,S,0.468,1
101,R,0.511,1
102,G,0.481,1
103,S,0.417,1
104,L,0.35,1
105,R,0.301,0
106,V,0.281,0
107,Q,0.298,0
108,P,0.33,0
109,E,0.32,0
110,L,0.27,0
111,E,0.227,0
112,Y,0.236,0
113,G,0.283,0
114,S,0.335,0
115,P,0.357,1
116,Y,0.365,1
117,A,0.369,1
118,W,0.361,1
119,T,0.337,0
120,N,0.3,0
121,G,0.262,0
122,Y,0.253,0
123,D,0.278,0
124,G,0.311,0
125,D,0.342,0
126,Y,0.385,1
127,C,0.437,1
128,G,0.487,1
129,S,0.538,1
130,Q,0.588,1
131,S,0.635,1
132,L,0.656,1
133,S,0.652,1
134,R,0.649,1
135,R,0.686,1
136,S,0.736,1
137,G,0.778,1
138,R,0.797,1
139,N,0.797,1
140,S,0.804,1
141,S,0.832,1
142,Y,0.847,1
143,S,0.848,1
144,G,0.839,1
145,G,0.824,1
146,D,0.821,1
147,G,0.83,1
148,R,0.845,1
149,V,0.859,1
150,S,0.87,1
151,S,0.88,1
152,L,0.884,1
153,S,0.889,1
154,S,0.898,1
155,S,0.911,1
156,R,0.921,1
157,E,0.927,1
158,E,0.93,1
159,K,0.932,1
160,L,0.931,1
161,G,0.928,1
162,L,0.924,1
163,F,0.926,1
164,G,0.93,1
165,S,0.934,1
166,D,0.934,1
167,L,0.93,1
168,G,0.925,1
169,L,0.921,1
170,P,0.919,1
171,S,0.917,1
172,S,0.91,1
173,G,0.905,1
174,L,0.905,1
175,A,0.914,1
176,S,0.924,1
177,K,0.933,1
178,P,0.939,1
179,L,0.941,1
180,P,0.94,1
181,T,0.938,1
182,Q,0.935,1
183,N,0.931,1
184,G,0.925,1
185,P,0.919,1
186,R,0.915,1
187,A,0.908,1
188,S,0.898,1
189,M,0.906,1
190,L,0.925,1
191,D,0.94,1
192,E,0.946,1
193,S,0.944,1
194,S,0.941,1
195,L,0.942,1
196,Y,0.947,1
197,G,0.949,1
198,A,0.946,1
199,R,0.937,1
200,R,0.927,1
201,G,0.923,1
202,S,0.925,1
203,T,0.93,1
204,S,0.934,1
205,G,0.936,1
206,S,0.938,1
207,R,0.943,1
208,A,0.948,1
209,P,0.953,1
210,S,0.956,1
211,E,0.957,1
212,Y,0.959,1
213,G,0.96,1
214,G,0.96,1
215,H,0.964,1
216,L,0.968,1
217,N,0.973,1
218,S,0.975,1
219,S,0.976,1
220,S,0.976,1
221,R,0.976,1
222,A,0.977,1
223,S,0.977,1
224,S,0.977,1
225,R,0.975,1
226,A,0.974,1
227,S,0.968,1
228,S,0.955,1
229,A,0.937,1
230,R,0.921,1
231,A,0.907,1
232,S,0.886,1
233,P,0.864,1
234,V,0.855,1
235,V,0.852,1
236,E,0.848,1
237,E,0.84,1
238,R,0.82,1
239,P,0.821,1
240,D,0.842,1
241,K,0.863,1
242,D,0.879,1
243,F,0.895,1
244,A,0.913,1
245,E,0.928,1
246,K,0.937,1
247,G,0.94,1
248,S,0.94,1
249,R,0.941,1
250,N,0.942,1
251,M,0.946,1
252,P,0.953,1
253,S,0.96,1
254,L,0.963,1
255,S,0.961,1
256,A,0.959,1
257,A,0.958,1
258,T,0.954,1
259,L,0.945,1
260,A,0.934,1
261,S,0.929,1
262,L,0.933,1
263,G,0.938,1
264,G,0.944,1
265,T,0.958,1
266,S,0.97,1
267,S,0.974,1
268,R,0.973,1
269,R,0.968,1
270,G,0.959,1
271,S,0.943,1
272,G,0.92,1
273,D,0.886,1
274,T,0.819,1
275,S,0.703,1
276,I,0.588,1
277,S,0.569,1
278,M,0.554,1
279,D,0.504,1
280,T,0.424,1
281,E,0.34,0
282,A,0.268,0
283,S,0.206,0
284,I,0.159,0
285,R,0.124,0
286,E,0.1,0
287,I,0.083,0
288,K,0.07,0
289,E,0.062,0
290,L,0.058,0
291,N,0.056,0
292,E,0.053,0
293,L,0.049,0
294,K,0.048,0
295,D,0.046,0
296,Q,0.046,0
297,I,0.044,0
298,Q,0.039,0
299,D,0.034,0
300,V,0.03,0
301,E,0.028,0
302,G,0.027,0
303,K,0.025,0
304,Y,0.025,0
305,M,0.026,0
306,Q,0.029,0
307,G,0.032,0
308,L,0.035,0
309,K,0.039,0
310,E,0.043,0
311,M,0.045,0
312,K,0.044,0
313,D,0.044,0
314,S,0.045,0
315,L,0.047,0
316,A,0.048,0
317,E,0.047,0
318,V,0.046,0
319,E,0.045,0
320,E,0.045,0
321,K,0.043,0
322,Y,0.041,0
323,K,0.039,0
324,K,0.039,0
325,A,0.04,0
326,M,0.041,0
327,V,0.043,0
328,S,0.043,0
329,N,0.043,0
330,A,0.042,0
331,Q,0.043,0
332,L,0.046,0
333,D,0.05,0
334,N,0.05,0
335,E,0.046,0
336,K,0.042,0
337,T,0.041,0
338,N,0.042,0
339,F,0.041,0
340,M,0.036,0
341,Y,0.03,0
342,Q,0.028,0
343,V,0.03,0
344,D,0.036,0
345,T,0.042,0
346,L,0.045,0
347,K,0.043,0
348,D,0.038,0
349,M,0.033,0
350,L,0.027,0
351,L,0.025,0
352,E,0.026,0
353,L,0.03,0
354,E,0.035,0
355,E,0.042,0
356,Q,0.047,0
357,L,0.052,0
358,A,0.058,0
359,E,0.067,0
360,S,0.076,0
361,Q,0.086,0
362,R,0.091,0
363,Q,0.093,0
364,Y,0.095,0
365,E,0.1,0
366,E,0.106,0
367,K,0.111,0
368,N,0.112,0
369,K,0.105,0
370,E,0.098,0
371,F,0.099,0
372,E,0.102,0
373,R,0.104,0
374,E,0.101,0
375,K,0.093,0
376,H,0.083,0
377,A,0.075,0
378,H,0.072,0
379,S,0.075,0
380,I,0.086,0
381,L,0.097,0
382,Q,0.098,0
383,F,0.09,0
384,Q,0.082,0
385,F,0.079,0
386,A,0.073,0
387,E,0.063,0
388,V,0.052,0
389,K,0.044,0
390,E,0.042,0
391,A,0.042,0
392,L,0.04,0
393,R,0.039,0
394,Q,0.037,0
395,R,0.035,0
396,E,0.032,0
397,E,0.028,0
398,M,0.026,0
399,L,0.026,0
400,E,0.027,0
401,E,0.026,0
402,I,0.024,0
403,R,0.023,0
404,Q,0.025,0
405,L,0.028,0
406,Q,0.031,0
407,Q,0.034,0
408,K,0.036,0
409,Q,0.038,0
410,A,0.038,0
411,G,0.037,0
412,Y,0.035,0
413,I,0.035,0
414,R,0.035,0
415,E,0.035,0
416,I,0.036,0
417,S,0.039,0
418,D,0.045,0
419,L,0.052,0
420,Q,0.054,0
421,E,0.053,0
422,T,0.052,0
423,I,0.054,0
424,E,0.058,0
425,W,0.062,0
426,K,0.062,0
427,D,0.059,0
428,K,0.054,0
429,K,0.051,0
430,I,0.052,0
431,G,0.057,0
432,A,0.061,0
433,L,0.06,0
434,E,0.058,0
435,R,0.055,0
436,Q,0.053,0
437,K,0.052,0
438,E,0.05,0
439,F,0.05,0
440,F,0.052,0
441,D,0.055,0
442,S,0.06,0
443,I,0.064,0
444,R,0.068,0
445,S,0.069,0
446,E,0.07,0
447,R,0.068,0
448,D,0.065,0
449,D,0.061,0
450,L,0.057,0
451,R,0.053,0
452,E,0.052,0
453,E,0.052,0
454,T,0.054,0
455,V,0.056,0
456,K,0.059,0
457,L,0.059,0
458,K,0.061,0
459,E,0.065,0
460,E,0.073,0
461,L,0.086,0
462,K,0.097,0
463,K,0.092,0
464,H,0.069,0
465,G,0.052,0
466,I,0.045,0
467,I,0.047,0
468,L,0.051,0
469,N,0.055,0
470,S,0.056,0
471,E,0.059,0
472,I,0.066,0
473,A,0.069,0
474,T,0.071,0
475,N,0.084,0
476,G,0.098,0
477,E,0.107,0
478,T,0.113,0
479,S,0.114,0
480,D,0.112,0
481,T,0.108,0
482,V,0.099,0
483,N,0.091,0
484,D,0.083,0
485,V,0.075,0
486,G,0.068,0
487,Y,0.063,0
488,Q,0.058,0
489,A,0.054,0
490,P,0.049,0
491,T,0.043,0
492,K,0.038,0
493,I,0.034,0
494,T,0.03,0
495,K,0.029,0
496,E,0.032,0
497,E,0.034,0
498,L,0.03,0
499,N,0.025,0
500,A,0.022,0
501,L,0.023,0
502,K,0.028,0
503,A,0.035,0
504,A,0.041,0
505,G,0.039,0
506,E,0.033,0
507,G,0.028,0
508,T,0.025,0
509,L,0.022,0
510,D,0.019,0
511,V,0.017,0
512,R,0.015,0
513,L,0.015,0
514,K,0.015,0
515,K,0.017,0
516,L,0.019,0
517,I,0.021,0
518,D,0.022,0
519,E,0.023,0
520,R,0.026,0
521,E,0.031,0
522,C,0.039,0
523,L,0.045,0
524,L,0.047,0
525,E,0.046,0
526,Q,0.049,0
527,V,0.062,0
528,K,0.092,0
529,K,0.144,0
530,L,0.194,0
531,K,0.206,0
532,G,0.197,0
533,Q,0.193,0
534,L,0.197,0
535,E,0.228,0
536,G,0.261,0
537,R,0.286,0
538,Q,0.29,0
539,K,0.282,0
540,N,0.276,0
541,S,0.278,0
542,R,0.29,0
543,P,0.293,0
544,D,0.276,0
545,L,0.241,0
546,L,0.204,0
547,R,0.169,0
548,S,0.137,0
549,E,0.131,0
550,D,0.144,0
551,S,0.157,0
552,I,0.169,0
553,L,0.17,0
554,E,0.16,0
555,N,0.153,0
556,G,0.153,0
557,T,0.152,0
558,D,0.137,0
559,V,0.108,0
560,H,0.085,0
561,V,0.074,0
562,M,0.07,0
563,D,0.071,0
564,L,0.069,0
565,Q,0.059,0
566,R,0.047,0
567,D,0.038,0
568,A,0.035,0
569,N,0.035,0
570,R,0.033,0
571,Q,0.028,0
572,I,0.024,0
573,S,0.02,0
574,D,0.019,0
575,L,0.018,0
576,K,0.017,0
577,F,0.017,0
578,K,0.016,0
579,L,0.016,0
580,A,0.016,0
581,K,0.018,0
582,S,0.02,0
583,E,0.021,0
584,Q,0.021,0
585,E,0.02,0
586,I,0.019,0
587,A,0.018,0
588,A,0.018,0
589,L,0.019,0
590,E,0.022,0
591,Q,0.024,0
592,N,0.025,0
593,V,0.025,0
594,I,0.027,0
595,R,0.029,0
596,L,0.031,0
597,E,0.032,0
598,S,0.034,0
599,Q,0.036,0
600,V,0.04,0
601,T,0.042,0
602,R,0.044,0
603,Y,0.047,0
604,R,0.053,0
605,S,0.062,0
606,A,0.072,0
607,A,0.082,0
608,E,0.097,0
609,N,0.112,0
610,A,0.12,0
611,E,0.123,0
612,K,0.115,0
613,I,0.098,0
614,E,0.086,0
615,D,0.082,0
616,E,0.086,0
617,L,0.087,0
618,K,0.08,0
619,A,0.07,0
620,E,0.065,0
621,K,0.064,0
622,R,0.066,0
623,K,0.068,0
624,L,0.069,0
625,Q,0.072,0
626,R,0.072,0
627,E,0.067,0
628,L,0.06,0
629,R,0.054,0
630,S,0.052,0
631,A,0.054,0
632,L,0.055,0
633,D,0.055,0
634,K,0.057,0
635,T,0.061,0
636,E,0.061,0
637,E,0.057,0
638,L,0.054,0
639,E,0.054,0
640,V,0.053,0
641,S,0.046,0
642,N,0.038,0
643,G,0.031,0
644,H,0.028,0
645,L,0.027,0
646,V,0.027,0
647,K,0.026,0
648,R,0.027,0
649,L,0.033,0
650,E,0.048,0
651,K,0.066,0
652,M,0.077,0
653,K,0.087,0
654,A,0.106,0
655,N,0.135,0
656,R,0.184,0
657,S,0.254,0
658,A,0.325,0
659,L,0.333,0
660,L,0.367,1
661,S,0.523,1
662,Q,0.541,1
663,Q,0.518,1
