1,M,0.666,1
2,L,0.529,1
3,L,0.419,1
4,L,0.364,1
5,P,0.342,0
6,V,0.391,1
7,R,0.41,1
8,P,0.498,1
9,P,0.592,1
10,S,0.6,1
11,F,0.621,1
12,G,0.653,1
13,E,0.66,1
14,G,0.693,1
15,R,0.758,1
16,Q,0.769,1
17,E,0.72,1
18,G,0.648,1
19,A,0.565,1
20,G,0.503,1
21,K,0.477,1
22,R,0.475,1
23,V,0.499,1
24,G,0.569,1
25,V,0.667,1
26,G,0.708,1
27,E,0.71,1
28,R,0.698,1
29,A,0.67,1
30,P,0.647,1
31,P,0.625,1
32,V,0.571,1
33,R,0.486,1
34,R,0.418,1
35,G,0.374,1
36,F,0.336,0
37,L,0.304,0
38,A,0.303,0
39,A,0.324,0
40,R,0.337,0
41,G,0.325,0
42,G,0.296,0
43,G,0.261,0
44,G,0.23,0
45,V,0.196,0
46,A,0.161,0
47,A,0.13,0
48,A,0.111,0
49,V,0.105,0
50,A,0.11,0
51,A,0.112,0
52,A,0.105,0
53,A,0.091,0
54,K,0.083,0
55,M,0.08,0
56,A,0.075,0
57,E,0.065,0
58,G,0.055,0
59,L,0.047,0
60,E,0.043,0
61,R,0.042,0
62,V,0.04,0
63,R,0.039,0
64,I,0.045,0
65,S,0.056,0
66,A,0.072,0
67,S,0.085,0
68,E,0.091,0
69,L,0.089,0
70,R,0.079,0
71,G,0.071,0
72,I,0.066,0
73,L,0.068,0
74,A,0.071,0
75,T,0.07,0
76,L,0.075,0
77,A,0.094,0
78,P,0.114,0
79,Q,0.121,0
80,A,0.119,0
81,G,0.117,0
82,S,0.116,0
83,R,0.115,0
84,E,0.114,0
85,N,0.107,0
86,M,0.099,0
87,K,0.096,0
88,E,0.093,0
89,L,0.091,0
90,K,0.098,0
91,E,0.122,0
92,P,0.16,0
93,R,0.193,0
94,Q,0.223,0
95,R,0.24,0
96,K,0.235,0
97,D,0.234,0
98,N,0.24,0
99,R,0.256,0
100,R,0.29,0
101,P,0.353,1
102,D,0.456,1
103,L,0.522,1
104,E,0.497,1
105,I,0.427,1
106,Y,0.363,1
107,K,0.319,0
108,P,0.302,0
109,G,0.304,0
110,L,0.296,0
111,S,0.277,0
112,R,0.254,0
113,L,0.238,0
114,R,0.261,0
115,N,0.335,0
116,R,0.422,1
117,P,0.474,1
118,K,0.459,1
119,T,0.405,1
120,K,0.32,0
121,E,0.265,0
122,A,0.23,0
123,S,0.197,0
124,G,0.18,0
125,N,0.169,0
126,E,0.157,0
127,E,0.143,0
128,F,0.131,0
129,K,0.124,0
130,D,0.118,0
131,E,0.112,0
132,I,0.11,0
133,V,0.118,0
134,N,0.137,0
135,D,0.16,0
136,R,0.175,0
137,D,0.174,0
138,A,0.163,0
139,S,0.157,0
140,A,0.152,0
141,V,0.149,0
142,G,0.161,0
143,N,0.175,0
144,D,0.174,0
145,T,0.151,0
146,Q,0.116,0
147,L,0.09,0
148,I,0.082,0
149,K,0.086,0
150,V,0.082,0
151,C,0.069,0
152,K,0.066,0
153,E,0.084,0
154,L,0.121,0
155,D,0.161,0
156,S,0.183,0
157,Q,0.203,0
158,Q,0.227,0
159,Q,0.245,0
160,N,0.249,0
161,G,0.251,0
162,P,0.268,0
163,I,0.281,0
164,D,0.28,0
165,A,0.249,0
166,E,0.206,0
167,N,0.178,0
168,S,0.165,0
169,Q,0.158,0
170,A,0.15,0
171,Q,0.14,0
172,E,0.131,0
173,T,0.119,0
174,F,0.115,0
175,S,0.111,0
176,K,0.1,0
177,T,0.097,0
178,V,0.097,0
179,G,0.097,0
180,L,0.098,0
181,E,0.096,0
182,D,0.087,0
183,R,0.071,0
184,S,0.055,0
185,L,0.045,0
186,K,0.038,0
187,I,0.033,0
188,I,0.029,0
189,K,0.027,0
190,R,0.029,0
191,I,0.033,0
192,K,0.034,0
193,K,0.034,0
194,P,0.033,0
195,D,0.034,0
196,L,0.036,0
197,Q,0.037,0
198,I,0.036,0
199,Y,0.032,0
200,Q,0.029,0
201,P,0.028,0
202,G,0.029,0
203,R,0.031,0
204,R,0.035,0
205,L,0.039,0
206,Q,0.041,0
207,T,0.043,0
208,V,0.046,0
209,T,0.051,0
210,K,0.059,0
211,E,0.066,0
212,S,0.073,0
213,A,0.08,0
214,G,0.085,0
215,R,0.088,0
216,A,0.087,0
217,D,0.08,0
218,E,0.07,0
219,E,0.06,0
220,E,0.052,0
221,I,0.05,0
222,L,0.052,0
223,N,0.055,0
224,Q,0.055,0
225,V,0.052,0
226,E,0.051,0
227,Q,0.055,0
228,L,0.065,0
229,T,0.083,0
230,M,0.104,0
231,E,0.138,0
232,G,0.171,0
233,D,0.17,0
234,E,0.145,0
235,C,0.126,0
236,R,0.128,0
237,G,0.142,0
238,E,0.141,0
239,A,0.126,0
240,I,0.113,0
241,K,0.123,0
242,E,0.156,0
243,E,0.204,0
244,V,0.244,0
245,I,0.284,0
246,N,0.308,0
247,K,0.335,0
248,P,0.37,1
249,D,0.42,1
250,K,0.497,1
251,T,0.591,1
252,E,0.646,1
253,I,0.672,1
254,E,0.69,1
255,K,0.713,1
256,S,0.758,1
257,Q,0.817,1
258,S,0.847,1
259,N,0.853,1
260,D,0.85,1
261,R,0.867,1
262,V,0.897,1
263,R,0.917,1
264,T,0.928,1
265,A,0.933,1
266,K,0.935,1
267,G,0.935,1
268,E,0.93,1
269,K,0.92,1
270,G,0.917,1
271,K,0.931,1
272,K,0.944,1
273,I,0.951,1
274,D,0.948,1
275,K,0.935,1
276,G,0.925,1
277,E,0.922,1
278,G,0.914,1
279,S,0.892,1
280,K,0.856,1
281,K,0.805,1
282,V,0.782,1
283,T,0.788,1
284,D,0.802,1
285,D,0.82,1
286,S,0.811,1
287,V,0.762,1
288,Q,0.68,1
289,G,0.641,1
290,K,0.655,1
291,P,0.682,1
292,G,0.723,1
293,S,0.778,1
294,V,0.812,1
295,K,0.825,1
296,R,0.819,1
297,Y,0.805,1
298,S,0.787,1
299,R,0.781,1
300,S,0.773,1
301,D,0.77,1
302,K,0.79,1
303,R,0.831,1
304,R,0.857,1
305,N,0.865,1
306,R,0.86,1
307,Y,0.841,1
308,R,0.823,1
309,T,0.825,1
310,C,0.851,1
311,S,0.877,1
312,T,0.883,1
313,S,0.876,1
314,S,0.875,1
315,A,0.881,1
316,G,0.881,1
317,S,0.884,1
318,N,0.891,1
319,N,0.91,1
320,S,0.923,1
321,A,0.924,1
322,E,0.91,1
323,G,0.891,1
324,A,0.909,1
325,G,0.925,1
326,L,0.923,1
327,T,0.914,1
328,D,0.894,1
329,N,0.888,1
330,G,0.88,1
331,C,0.862,1
332,R,0.855,1
333,R,0.857,1
334,R,0.864,1
335,R,0.878,1
336,Q,0.898,1
337,D,0.916,1
338,R,0.924,1
339,T,0.924,1
340,K,0.918,1
341,E,0.91,1
342,R,0.907,1
343,P,0.911,1
344,R,0.914,1
345,L,0.915,1
346,K,0.918,1
347,K,0.924,1
348,Q,0.928,1
349,V,0.926,1
350,S,0.924,1
351,M,0.924,1
352,S,0.927,1
353,S,0.934,1
354,T,0.941,1
355,D,0.946,1
356,S,0.955,1
357,L,0.96,1
358,D,0.961,1
359,E,0.96,1
360,D,0.959,1
361,R,0.957,1
362,V,0.952,1
363,T,0.947,1
364,E,0.945,1
365,P,0.947,1
366,D,0.95,1
367,G,0.954,1
368,L,0.955,1
369,G,0.951,1
370,S,0.944,1
371,R,0.941,1
372,R,0.943,1
373,S,0.943,1
374,S,0.939,1
375,E,0.932,1
376,R,0.927,1
377,K,0.926,1
378,K,0.93,1
379,H,0.932,1
380,L,0.928,1
381,D,0.913,1
382,R,0.892,1
383,N,0.876,1
384,W,0.869,1
385,S,0.867,1
386,G,0.866,1
387,R,0.857,1
388,G,0.836,1
389,E,0.819,1
390,G,0.811,1
391,E,0.821,1
392,Q,0.82,1
393,K,0.813,1
394,S,0.812,1
395,N,0.812,1
396,G,0.795,1
397,K,0.762,1
398,E,0.727,1
399,N,0.687,1
400,R,0.581,1
401,G,0.498,1
402,A,0.438,1
403,L,0.387,1
404,R,0.37,1
405,V,0.394,1
406,T,0.422,1
407,F,0.464,1
408,D,0.54,1
409,A,0.563,1
410,E,0.542,1
411,A,0.54,1
412,M,0.56,1
413,S,0.586,1
414,K,0.625,1
415,D,0.685,1
416,S,0.727,1
417,P,0.749,1
418,V,0.735,1
419,V,0.679,1
420,R,0.628,1
421,S,0.634,1
422,V,0.699,1
423,K,0.775,1
424,E,0.809,1
425,N,0.827,1
426,V,0.855,1
427,D,0.884,1
428,R,0.905,1
429,M,0.926,1
430,N,0.943,1
431,S,0.952,1
432,D,0.957,1
433,K,0.962,1
434,G,0.962,1
435,S,0.963,1
436,S,0.966,1
437,S,0.965,1
438,G,0.96,1
439,G,0.951,1
440,K,0.935,1
441,G,0.915,1
442,S,0.881,1
443,E,0.826,1
444,K,0.754,1
445,Q,0.671,1
446,E,0.6,1
447,F,0.546,1
448,R,0.514,1
449,N,0.501,1
450,P,0.512,1
451,K,0.527,1
452,Q,0.538,1
453,E,0.549,1
454,L,0.56,1
455,R,0.581,1
456,D,0.584,1
457,R,0.563,1
458,G,0.562,1
459,R,0.584,1
460,G,0.606,1
461,I,0.624,1
462,L,0.649,1
463,I,0.668,1
464,L,0.682,1
465,P,0.679,1
466,A,0.656,1
467,H,0.637,1
468,T,0.642,1
469,A,0.672,1
470,L,0.677,1
471,S,0.609,1
472,V,0.519,1
473,S,0.487,1
474,S,0.533,1
475,S,0.605,1
476,G,0.678,1
477,S,0.739,1
478,P,0.759,1
479,E,0.752,1
480,S,0.691,1
481,T,0.62,1
482,P,0.579,1
483,L,0.575,1
484,G,0.588,1
485,P,0.596,1
486,R,0.581,1
487,L,0.55,1
488,L,0.509,1
489,F,0.506,1
490,G,0.535,1
491,S,0.531,1
492,G,0.506,1
493,S,0.516,1
494,K,0.555,1
495,G,0.58,1
496,S,0.598,1
497,R,0.638,1
498,S,0.689,1
499,W,0.686,1
500,G,0.641,1
501,R,0.569,1
502,G,0.483,1
503,G,0.43,1
504,T,0.386,1
505,T,0.349,0
506,R,0.294,0
507,R,0.244,0
508,L,0.236,0
509,W,0.27,0
510,D,0.31,0
511,P,0.311,0
512,N,0.267,0
513,N,0.241,0
514,P,0.248,0
515,D,0.264,0
516,Q,0.279,0
517,K,0.306,0
518,P,0.34,0
519,A,0.364,1
520,L,0.359,1
521,K,0.333,0
522,S,0.287,0
523,Q,0.231,0
524,T,0.172,0
525,P,0.127,0
526,Q,0.108,0
527,L,0.113,0
528,H,0.142,0
529,F,0.174,0
530,L,0.192,0
531,D,0.207,0
532,T,0.215,0
533,D,0.196,0
534,D,0.161,0
535,E,0.141,0
536,I,0.139,0
537,S,0.146,0
538,P,0.158,0
539,T,0.175,0
540,S,0.204,0
541,W,0.217,0
542,G,0.212,0
543,D,0.197,0
544,S,0.165,0
545,R,0.134,0
546,Q,0.112,0
547,A,0.095,0
548,Q,0.076,0
549,A,0.064,0
550,S,0.063,0
551,F,0.064,0
552,Y,0.057,0
553,K,0.046,0
554,F,0.042,0
555,Q,0.042,0
556,N,0.048,0
557,S,0.056,0
558,D,0.068,0
559,N,0.068,0
560,P,0.058,0
561,Y,0.046,0
562,Y,0.037,0
563,Y,0.031,0
564,P,0.03,0
565,R,0.031,0
566,T,0.033,0
567,P,0.037,0
568,G,0.042,0
569,P,0.044,0
570,A,0.041,0
571,S,0.036,0
572,Q,0.031,0
573,Y,0.027,0
574,P,0.023,0
575,Y,0.02,0
576,T,0.017,0
577,G,0.015,0
578,Y,0.014,0
579,S,0.014,0
580,P,0.014,0
581,L,0.015,0
582,Q,0.016,0
583,Y,0.017,0
584,P,0.017,0
585,V,0.017,0
586,G,0.018,0
587,P,0.019,0
588,T,0.02,0
589,N,0.02,0
590,G,0.02,0
591,M,0.021,0
592,Y,0.023,0
593,P,0.025,0
594,G,0.025,0
595,P,0.023,0
596,Y,0.022,0
597,Y,0.022,0
598,P,0.022,0
599,G,0.022,0
600,Y,0.024,0
601,P,0.029,0
602,A,0.034,0
603,P,0.039,0
604,S,0.041,0
605,G,0.038,0
606,Q,0.034,0
607,Y,0.031,0
608,V,0.03,0
609,C,0.028,0
610,S,0.028,0
611,P,0.03,0
612,L,0.034,0
613,P,0.041,0
614,A,0.05,0
615,S,0.059,0
616,T,0.068,0
617,M,0.072,0
618,S,0.069,0
619,P,0.063,0
620,E,0.056,0
621,E,0.048,0
622,I,0.04,0
623,E,0.033,0
624,Q,0.03,0
625,H,0.029,0
626,V,0.03,0
627,R,0.03,0
628,N,0.031,0
629,M,0.034,0
630,Q,0.037,0
631,Q,0.034,0
632,Q,0.027,0
633,E,0.022,0
634,L,0.021,0
635,H,0.021,0
636,R,0.022,0
637,L,0.024,0
638,L,0.026,0
639,R,0.027,0
640,V,0.027,0
641,A,0.028,0
642,D,0.029,0
643,N,0.028,0
644,Q,0.028,0
645,E,0.026,0
646,L,0.025,0
647,Q,0.024,0
648,L,0.024,0
649,S,0.025,0
650,N,0.026,0
651,L,0.028,0
652,L,0.03,0
653,S,0.034,0
654,R,0.038,0
655,D,0.043,0
656,R,0.044,0
657,I,0.044,0
658,S,0.046,0
659,T,0.047,0
660,E,0.046,0
661,G,0.045,0
662,M,0.041,0
663,E,0.037,0
664,K,0.034,0
665,M,0.03,0
666,A,0.025,0
667,Q,0.02,0
668,L,0.016,0
669,R,0.015,0
670,T,0.013,0
671,E,0.011,0
672,L,0.01,0
673,L,0.008,0
674,Q,0.007,0
675,L,0.007,0
676,Y,0.006,0
677,E,0.006,0
678,R,0.007,0
679,C,0.007,0
680,I,0.007,0
681,L,0.006,0
682,L,0.007,0
683,D,0.007,0
684,I,0.009,0
685,E,0.01,0
686,F,0.012,0
687,S,0.014,0
688,D,0.016,0
689,S,0.018,0
690,Q,0.018,0
691,N,0.018,0
692,V,0.016,0
693,D,0.014,0
694,Q,0.011,0
695,I,0.009,0
696,L,0.008,0
697,W,0.007,0
698,K,0.006,0
699,N,0.005,0
700,A,0.004,0
701,F,0.004,0
702,Y,0.004,0
703,Q,0.004,0
704,V,0.004,0
705,I,0.004,0
706,E,0.004,0
707,K,0.004,0
708,F,0.005,0
709,R,0.005,0
710,Q,0.006,0
711,L,0.008,0
712,L,0.009,0
713,K,0.012,0
714,D,0.015,0
715,P,0.018,0
716,N,0.019,0
717,I,0.02,0
718,E,0.02,0
719,N,0.02,0
720,P,0.018,0
721,E,0.016,0
722,Q,0.014,0
723,I,0.012,0
724,R,0.011,0
725,N,0.01,0
726,R,0.009,0
727,L,0.009,0
728,L,0.009,0
729,E,0.01,0
730,L,0.012,0
731,L,0.016,0
732,D,0.02,0
733,E,0.024,0
734,G,0.027,0
735,S,0.028,0
736,D,0.027,0
737,F,0.025,0
738,F,0.022,0
739,D,0.018,0
740,S,0.016,0
741,L,0.014,0
742,L,0.013,0
743,Q,0.012,0
744,K,0.012,0
745,L,0.01,0
746,Q,0.009,0
747,V,0.009,0
748,T,0.009,0
749,Y,0.008,0
750,K,0.008,0
751,F,0.008,0
752,K,0.008,0
753,L,0.008,0
754,E,0.008,0
755,D,0.008,0
756,Y,0.009,0
757,M,0.01,0
758,D,0.011,0
759,G,0.012,0
760,L,0.013,0
761,A,0.013,0
762,I,0.013,0
763,R,0.013,0
764,S,0.014,0
765,K,0.016,0
766,P,0.017,0
767,L,0.017,0
768,R,0.016,0
769,K,0.015,0
770,T,0.013,0
771,V,0.011,0
772,K,0.009,0
773,Y,0.008,0
774,A,0.008,0
775,L,0.008,0
776,I,0.009,0
777,S,0.011,0
778,A,0.011,0
779,Q,0.011,0
780,R,0.01,0
781,S,0.011,0
782,M,0.012,0
783,I,0.014,0
784,C,0.015,0
785,Q,0.015,0
786,G,0.015,0
787,D,0.015,0
788,I,0.017,0
789,S,0.02,0
790,R,0.023,0
791,Y,0.026,0
792,R,0.027,0
793,E,0.03,0
794,Q,0.033,0
795,A,0.037,0
796,N,0.039,0
797,D,0.038,0
798,T,0.036,0
799,A,0.033,0
800,N,0.03,0
801,Y,0.025,0
802,G,0.02,0
803,K,0.017,0
804,A,0.016,0
805,R,0.015,0
806,S,0.014,0
807,W,0.012,0
808,Y,0.011,0
809,L,0.011,0
810,K,0.011,0
811,A,0.012,0
812,Q,0.013,0
813,H,0.015,0
814,I,0.016,0
815,A,0.018,0
816,P,0.02,0
817,K,0.021,0
818,N,0.021,0
819,G,0.02,0
820,R,0.018,0
821,P,0.015,0
822,Y,0.012,0
823,N,0.01,0
824,Q,0.008,0
825,L,0.006,0
826,A,0.005,0
827,L,0.004,0
828,L,0.004,0
829,A,0.005,0
830,V,0.005,0
831,Y,0.006,0
832,T,0.007,0
833,R,0.008,0
834,R,0.008,0
835,K,0.009,0
836,L,0.009,0
837,D,0.009,0
838,A,0.009,0
839,V,0.009,0
840,Y,0.01,0
841,Y,0.011,0
842,Y,0.013,0
843,M,0.014,0
844,R,0.015,0
845,S,0.017,0
846,L,0.022,0
847,A,0.029,0
848,A,0.038,0
849,S,0.049,0
850,N,0.059,0
851,P,0.065,0
852,I,0.068,0
853,L,0.071,0
854,T,0.076,0
855,A,0.083,0
856,K,0.091,0
857,E,0.105,0
858,S,0.125,0
859,L,0.148,0
860,M,0.159,0
861,S,0.154,0
862,L,0.144,0
863,F,0.15,0
864,E,0.176,0
865,E,0.215,0
866,T,0.245,0
867,K,0.276,0
868,R,0.315,0
869,K,0.349,0
870,A,0.375,1
871,E,0.4,1
872,Q,0.411,1
873,M,0.414,1
874,E,0.417,1
875,K,0.417,1
876,K,0.412,1
877,Q,0.408,1
878,H,0.402,1
879,E,0.392,1
880,E,0.382,1
881,F,0.376,1
882,D,0.373,1
883,L,0.363,1
884,S,0.341,0
885,P,0.328,0
886,D,0.331,0
887,Q,0.34,0
888,W,0.355,1
889,R,0.362,1
890,K,0.361,1
891,G,0.354,1
892,K,0.356,1
893,K,0.359,1
894,S,0.356,1
895,T,0.342,0
896,F,0.331,0
897,R,0.333,0
898,H,0.341,0
899,V,0.351,1
900,G,0.36,1
901,D,0.371,1
902,D,0.383,1
903,T,0.392,1
904,T,0.398,1
905,R,0.398,1
906,L,0.392,1
907,E,0.386,1
908,I,0.37,1
909,W,0.367,1
910,I,0.423,1
911,H,0.519,1
912,P,0.59,1
913,S,0.627,1
914,H,0.654,1
915,S,0.687,1
916,R,0.732,1
917,S,0.775,1
918,S,0.811,1
919,Q,0.83,1
920,G,0.861,1
921,T,0.883,1
922,E,0.894,1
923,S,0.903,1
924,G,0.911,1
925,K,0.918,1
926,D,0.922,1
927,S,0.919,1
928,E,0.91,1
929,Q,0.898,1
930,E,0.879,1
931,N,0.866,1
932,G,0.844,1
933,L,0.804,1
934,G,0.762,1
935,S,0.737,1
936,L,0.684,1
937,S,0.58,1
938,P,0.449,1
939,S,0.349,0
940,D,0.271,0
941,L,0.202,0
942,N,0.144,0
943,K,0.096,0
944,R,0.065,0
945,F,0.051,0
946,I,0.045,0
947,L,0.042,0
948,S,0.038,0
949,F,0.031,0
950,L,0.025,0
951,H,0.022,0
952,A,0.019,0
953,H,0.018,0
954,G,0.017,0
955,K,0.016,0
956,L,0.014,0
957,F,0.012,0
958,T,0.009,0
959,R,0.009,0
960,I,0.009,0
961,G,0.01,0
962,M,0.011,0
963,E,0.011,0
964,T,0.011,0
965,F,0.011,0
966,P,0.011,0
967,A,0.01,0
968,V,0.009,0
969,A,0.009,0
970,E,0.008,0
971,K,0.007,0
972,V,0.007,0
973,L,0.006,0
974,K,0.007,0
975,E,0.007,0
976,F,0.008,0
977,Q,0.008,0
978,V,0.009,0
979,L,0.011,0
980,L,0.014,0
981,Q,0.019,0
982,H,0.024,0
983,S,0.03,0
984,P,0.038,0
985,S,0.043,0
986,P,0.046,0
987,I,0.044,0
988,G,0.039,0
989,S,0.031,0
990,T,0.024,0
991,R,0.017,0
992,M,0.012,0
993,L,0.01,0
994,Q,0.009,0
995,L,0.008,0
996,M,0.007,0
997,T,0.007,0
998,I,0.006,0
999,N,0.005,0
1000,M,0.005,0
1001,F,0.006,0
1002,A,0.008,0
1003,V,0.009,0
1004,H,0.01,0
1005,N,0.011,0
1006,S,0.013,0
1007,Q,0.015,0
1008,L,0.018,0
1009,K,0.019,0
1010,D,0.017,0
1011,C,0.015,0
1012,F,0.013,0
1013,S,0.011,0
1014,E,0.01,0
1015,E,0.01,0
1016,C,0.01,0
1017,R,0.012,0
1018,S,0.013,0
1019,V,0.015,0
1020,I,0.016,0
1021,Q,0.017,0
1022,E,0.016,0
1023,Q,0.015,0
1024,A,0.014,0
1025,A,0.014,0
1026,S,0.013,0
1027,L,0.013,0
1028,G,0.012,0
1029,L,0.012,0
1030,A,0.013,0
1031,M,0.015,0
1032,F,0.019,0
1033,S,0.027,0
1034,L,0.037,0
1035,L,0.048,0
1036,V,0.053,0
1037,Q,0.06,0
1038,R,0.071,0
1039,C,0.087,0
1040,T,0.106,0
1041,C,0.121,0
1042,L,0.129,0
1043,L,0.143,0
1044,K,0.182,0
1045,D,0.244,0
1046,S,0.325,0
1047,A,0.4,1
1048,K,0.466,1
1049,A,0.522,1
1050,Q,0.559,1
1051,L,0.583,1
1052,S,0.605,1
1053,S,0.629,1
1054,P,0.66,1
1055,E,0.675,1
1056,D,0.674,1
1057,Q,0.655,1
1058,E,0.618,1
1059,D,0.563,1
1060,Q,0.488,1
1061,D,0.385,1
1062,D,0.293,0
1063,I,0.228,0
1064,K,0.174,0
1065,V,0.127,0
1066,S,0.098,0
1067,S,0.081,0
1068,F,0.077,0
1069,V,0.08,0
1070,P,0.087,0
1071,D,0.077,0
1072,L,0.062,0
1073,K,0.054,0
1074,E,0.049,0
1075,L,0.042,0
1076,L,0.033,0
1077,P,0.026,0
1078,S,0.021,0
1079,V,0.017,0
1080,K,0.015,0
1081,V,0.014,0
1082,W,0.012,0
1083,S,0.011,0
1084,D,0.009,0
1085,W,0.009,0
1086,M,0.009,0
1087,L,0.01,0
1088,G,0.01,0
1089,Y,0.011,0
1090,P,0.012,0
1091,D,0.013,0
1092,T,0.015,0
1093,W,0.016,0
1094,N,0.018,0
1095,P,0.019,0
1096,P,0.02,0
1097,P,0.02,0
1098,T,0.02,0
1099,S,0.02,0
1100,L,0.018,0
1101,D,0.017,0
1102,L,0.015,0
1103,P,0.013,0
1104,L,0.012,0
1105,Q,0.011,0
1106,V,0.01,0
1107,A,0.01,0
1108,V,0.009,0
1109,D,0.009,0
1110,V,0.008,0
1111,W,0.008,0
1112,S,0.007,0
1113,T,0.007,0
1114,L,0.007,0
1115,A,0.007,0
1116,D,0.008,0
1117,F,0.008,0
1118,C,0.009,0
1119,N,0.009,0
1120,I,0.009,0
1121,L,0.011,0
1122,T,0.014,0
1123,A,0.017,0
1124,V,0.021,0
1125,N,0.025,0
1126,Q,0.028,0
1127,S,0.031,0
1128,E,0.035,0
1129,V,0.038,0
1130,P,0.041,0
1131,L,0.043,0
1132,Y,0.043,0
1133,K,0.041,0
1134,D,0.04,0
1135,P,0.037,0
1136,D,0.033,0
1137,D,0.026,0
1138,D,0.02,0
1139,L,0.016,0
1140,T,0.014,0
1141,L,0.014,0
1142,L,0.013,0
1143,I,0.013,0
1144,L,0.013,0
1145,E,0.012,0
1146,E,0.011,0
1147,D,0.011,0
1148,R,0.013,0
1149,L,0.015,0
1150,L,0.017,0
1151,S,0.017,0
1152,G,0.017,0
1153,F,0.017,0
1154,V,0.017,0
1155,P,0.017,0
1156,L,0.017,0
1157,L,0.02,0
1158,A,0.024,0
1159,A,0.027,0
1160,P,0.029,0
1161,Q,0.029,0
1162,D,0.028,0
1163,P,0.026,0
1164,C,0.024,0
1165,Y,0.023,0
1166,V,0.022,0
1167,E,0.022,0
1168,K,0.022,0
1169,T,0.021,0
1170,S,0.019,0
1171,D,0.019,0
1172,K,0.018,0
1173,V,0.016,0
1174,I,0.013,0
1175,A,0.011,0
1176,A,0.01,0
1177,D,0.009,0
1178,C,0.008,0
1179,K,0.007,0
1180,R,0.006,0
1181,V,0.005,0
1182,T,0.006,0
1183,V,0.006,0
1184,L,0.006,0
1185,K,0.006,0
1186,Y,0.006,0
1187,F,0.005,0
1188,L,0.006,0
1189,E,0.007,0
1190,A,0.01,0
1191,L,0.014,0
1192,C,0.018,0
1193,G,0.021,0
1194,Q,0.023,0
1195,E,0.026,0
1196,E,0.029,0
1197,P,0.029,0
1198,L,0.027,0
1199,L,0.024,0
1200,A,0.024,0
1201,F,0.025,0
1202,K,0.028,0
1203,G,0.033,0
1204,G,0.039,0
1205,K,0.045,0
1206,Y,0.05,0
1207,V,0.051,0
1208,S,0.049,0
1209,V,0.045,0
1210,A,0.042,0
1211,P,0.045,0
1212,V,0.055,0
1213,P,0.072,0
1214,D,0.088,0
1215,T,0.097,0
1216,M,0.103,0
1217,G,0.11,0
1218,K,0.125,0
1219,E,0.146,0
1220,M,0.171,0
1221,G,0.206,0
1222,I,0.259,0
1223,Q,0.296,0
1224,E,0.337,0
1225,G,0.376,1
1226,K,0.418,1
1227,Q,0.484,1
1228,L,0.541,1
1229,E,0.569,1
1230,D,0.593,1
1231,E,0.63,1
1232,E,0.668,1
1233,E,0.68,1
1234,D,0.662,1
1235,V,0.632,1
1236,V,0.648,1
1237,I,0.682,1
1238,E,0.671,1
1239,D,0.667,1
1240,F,0.751,1
1241,E,0.83,1
1242,E,0.868,1
1243,D,0.884,1
1244,S,0.887,1
1245,E,0.881,1
1246,A,0.87,1
1247,E,0.858,1
1248,G,0.859,1
1249,S,0.839,1
1250,G,0.792,1
1251,G,0.741,1
1252,E,0.652,1
1253,D,0.49,1
1254,D,0.35,1
1255,I,0.286,0
1256,R,0.276,0
1257,E,0.276,0
1258,L,0.251,0
1259,R,0.218,0
1260,A,0.169,0
1261,K,0.111,0
1262,K,0.072,0
1263,L,0.062,0
1264,A,0.067,0
1265,L,0.078,0
1266,A,0.082,0
1267,R,0.085,0
1268,K,0.095,0
1269,I,0.105,0
1270,A,0.102,0
1271,E,0.092,0
1272,Q,0.082,0
1273,Q,0.071,0
1274,R,0.059,0
1275,R,0.049,0
1276,Q,0.043,0
1277,E,0.04,0
1278,K,0.039,0
1279,I,0.038,0
1280,Q,0.036,0
1281,A,0.035,0
1282,V,0.035,0
1283,L,0.037,0
1284,E,0.04,0
1285,D,0.045,0
1286,Q,0.048,0
1287,S,0.05,0
1288,Q,0.047,0
1289,M,0.041,0
1290,R,0.035,0
1291,Q,0.03,0
1292,M,0.028,0
1293,E,0.027,0
1294,L,0.025,0
1295,E,0.022,0
1296,I,0.02,0
1297,R,0.021,0
1298,P,0.023,0
1299,L,0.023,0
1300,F,0.022,0
1301,L,0.02,0
1302,V,0.018,0
1303,P,0.016,0
1304,D,0.015,0
1305,T,0.014,0
1306,N,0.013,0
1307,G,0.012,0
1308,F,0.011,0
1309,I,0.011,0
1310,D,0.01,0
1311,H,0.009,0
1312,L,0.007,0
1313,A,0.007,0
1314,S,0.006,0
1315,L,0.006,0
1316,A,0.006,0
1317,R,0.006,0
1318,L,0.006,0
1319,L,0.007,0
1320,E,0.006,0
1321,S,0.006,0
1322,R,0.006,0
1323,K,0.006,0
1324,Y,0.006,0
1325,I,0.005,0
1326,L,0.005,0
1327,V,0.004,0
1328,V,0.005,0
1329,P,0.006,0
1330,L,0.008,0
1331,I,0.009,0
1332,V,0.011,0
1333,I,0.012,0
1334,N,0.015,0
1335,E,0.019,0
1336,L,0.024,0
1337,D,0.026,0
1338,G,0.027,0
1339,L,0.03,0
1340,A,0.037,0
1341,K,0.045,0
1342,G,0.054,0
1343,Q,0.062,0
1344,E,0.07,0
1345,T,0.076,0
1346,D,0.077,0
1347,H,0.075,0
1348,R,0.07,0
1349,A,0.061,0
1350,G,0.048,0
1351,G,0.038,0
1352,Y,0.031,0
1353,A,0.027,0
1354,R,0.024,0
1355,V,0.023,0
1356,V,0.024,0
1357,Q,0.026,0
1358,E,0.028,0
1359,K,0.028,0
1360,A,0.028,0
1361,R,0.033,0
1362,K,0.039,0
1363,S,0.04,0
1364,I,0.036,0
1365,E,0.032,0
1366,F,0.031,0
1367,L,0.035,0
1368,E,0.04,0
1369,R,0.041,0
1370,R,0.037,0
1371,F,0.032,0
1372,E,0.028,0
1373,S,0.026,0
1374,R,0.025,0
1375,D,0.023,0
1376,S,0.022,0
1377,C,0.021,0
1378,L,0.02,0
1379,R,0.02,0
1380,A,0.02,0
1381,L,0.02,0
1382,T,0.019,0
1383,S,0.019,0
1384,R,0.021,0
1385,G,0.023,0
1386,N,0.024,0
1387,E,0.024,0
1388,L,0.024,0
1389,E,0.024,0
1390,S,0.024,0
1391,I,0.023,0
1392,A,0.022,0
1393,F,0.022,0
1394,R,0.025,0
1395,S,0.029,0
1396,E,0.034,0
1397,D,0.039,0
1398,I,0.044,0
1399,T,0.046,0
1400,G,0.048,0
1401,Q,0.047,0
1402,L,0.043,0
1403,G,0.04,0
1404,N,0.037,0
1405,N,0.031,0
1406,D,0.024,0
1407,D,0.02,0
1408,L,0.016,0
1409,I,0.015,0
1410,L,0.014,0
1411,S,0.011,0
1412,C,0.009,0
1413,C,0.007,0
1414,L,0.007,0
1415,H,0.009,0
1416,Y,0.011,0
1417,C,0.013,0
1418,K,0.016,0
1419,D,0.019,0
1420,K,0.024,0
1421,A,0.03,0
1422,K,0.036,0
1423,D,0.038,0
1424,Y,0.038,0
1425,M,0.039,0
1426,P,0.042,0
1427,T,0.044,0
1428,S,0.043,0
1429,K,0.038,0
1430,E,0.03,0
1431,E,0.022,0
1432,P,0.016,0
1433,I,0.013,0
1434,R,0.012,0
1435,L,0.013,0
1436,L,0.013,0
1437,R,0.011,0
1438,E,0.009,0
1439,V,0.007,0
1440,V,0.007,0
1441,L,0.008,0
1442,L,0.009,0
1443,T,0.011,0
1444,D,0.014,0
1445,D,0.017,0
1446,R,0.019,0
1447,N,0.02,0
1448,L,0.02,0
1449,R,0.018,0
1450,V,0.016,0
1451,K,0.016,0
1452,A,0.018,0
1453,L,0.018,0
1454,T,0.017,0
1455,R,0.016,0
1456,N,0.016,0
1457,V,0.017,0
1458,P,0.021,0
1459,V,0.034,0
1460,R,0.053,0
1461,D,0.058,0
1462,I,0.053,0
1463,P,0.053,0
1464,A,0.057,0
1465,F,0.081,0
1466,L,0.129,0
1467,T,0.179,0
1468,W,0.217,0
1469,A,0.265,0
1470,Q,0.396,1
1471,V,0.411,1
1472,G,0.421,1
