1,M,0.617,1
2,T,0.489,1
3,L,0.435,1
4,L,0.394,1
5,E,0.363,1
6,P,0.368,1
7,E,0.357,1
8,M,0.342,0
9,L,0.325,0
10,M,0.326,0
11,M,0.34,0
12,A,0.347,0
13,V,0.347,0
14,Q,0.347,0
15,S,0.354,1
16,V,0.357,1
17,L,0.338,0
18,Q,0.327,0
19,L,0.335,0
20,K,0.349,0
21,L,0.341,0
22,Q,0.305,0
23,Q,0.26,0
24,R,0.205,0
25,R,0.157,0
26,T,0.108,0
27,R,0.069,0
28,E,0.06,0
29,E,0.059,0
30,L,0.062,0
31,V,0.071,0
32,S,0.079,0
33,Q,0.081,0
34,G,0.085,0
35,I,0.092,0
36,M,0.101,0
37,P,0.112,0
38,P,0.116,0
39,L,0.117,0
40,K,0.127,0
41,S,0.145,0
42,P,0.159,0
43,A,0.157,0
44,A,0.15,0
45,F,0.146,0
46,H,0.134,0
47,E,0.116,0
48,Q,0.098,0
49,R,0.094,0
50,R,0.099,0
51,S,0.102,0
52,L,0.103,0
53,E,0.104,0
54,R,0.101,0
55,A,0.091,0
56,R,0.081,0
57,T,0.077,0
58,E,0.081,0
59,D,0.088,0
60,Y,0.09,0
61,L,0.083,0
62,K,0.079,0
63,R,0.081,0
64,K,0.083,0
65,I,0.079,0
66,R,0.069,0
67,S,0.059,0
68,R,0.053,0
69,P,0.047,0
70,E,0.039,0
71,R,0.031,0
72,A,0.025,0
73,E,0.024,0
74,L,0.024,0
75,V,0.024,0
76,R,0.023,0
77,M,0.023,0
78,H,0.024,0
79,I,0.027,0
80,L,0.033,0
81,E,0.04,0
82,E,0.05,0
83,T,0.058,0
84,S,0.065,0
85,A,0.067,0
86,E,0.064,0
87,P,0.058,0
88,S,0.052,0
89,L,0.047,0
90,Q,0.042,0
91,A,0.036,0
92,K,0.03,0
93,Q,0.026,0
94,L,0.022,0
95,K,0.021,0
96,L,0.021,0
97,K,0.021,0
98,R,0.021,0
99,A,0.022,0
100,R,0.024,0
101,L,0.028,0
102,A,0.03,0
103,D,0.03,0
104,D,0.03,0
105,L,0.032,0
106,N,0.035,0
107,E,0.037,0
108,K,0.038,0
109,I,0.042,0
110,A,0.045,0
111,Q,0.045,0
112,R,0.042,0
113,P,0.038,0
114,G,0.036,0
115,P,0.036,0
116,M,0.035,0
117,E,0.035,0
118,L,0.034,0
119,V,0.034,0
120,E,0.034,0
121,K,0.034,0
122,N,0.035,0
123,I,0.038,0
124,L,0.041,0
125,P,0.045,0
126,V,0.05,0
127,E,0.054,0
128,S,0.052,0
129,S,0.049,0
130,L,0.053,0
131,K,0.074,0
132,E,0.12,0
133,A,0.173,0
134,I,0.192,0
135,I,0.182,0
136,V,0.175,0
137,G,0.193,0
138,Q,0.222,0
139,V,0.252,0
140,N,0.298,0
141,Y,0.371,1
142,P,0.451,1
143,K,0.526,1
144,V,0.607,1
145,A,0.665,1
146,D,0.723,1
147,S,0.776,1
148,S,0.825,1
149,S,0.862,1
150,F,0.885,1
151,D,0.9,1
152,E,0.912,1
153,D,0.924,1
154,S,0.937,1
155,S,0.947,1
156,D,0.955,1
157,A,0.959,1
158,L,0.96,1
159,S,0.962,1
160,P,0.965,1
161,E,0.966,1
162,Q,0.967,1
163,P,0.97,1
164,A,0.975,1
165,S,0.977,1
166,H,0.978,1
167,E,0.976,1
168,S,0.975,1
169,Q,0.976,1
170,G,0.976,1
171,S,0.975,1
172,V,0.975,1
173,P,0.972,1
174,S,0.965,1
175,P,0.956,1
176,L,0.949,1
177,E,0.94,1
178,S,0.927,1
179,R,0.913,1
180,V,0.907,1
181,S,0.903,1
182,D,0.897,1
183,P,0.889,1
184,L,0.883,1
185,P,0.877,1
186,S,0.865,1
187,A,0.845,1
188,T,0.819,1
189,S,0.795,1
190,I,0.765,1
191,S,0.741,1
192,P,0.737,1
193,T,0.733,1
194,Q,0.718,1
195,V,0.715,1
196,L,0.726,1
197,S,0.725,1
198,Q,0.696,1
199,L,0.662,1
200,P,0.652,1
201,M,0.65,1
202,A,0.647,1
203,P,0.634,1
204,D,0.63,1
205,P,0.638,1
206,G,0.645,1
207,E,0.64,1
208,T,0.626,1
209,L,0.625,1
210,F,0.628,1
211,L,0.631,1
212,A,0.63,1
213,E,0.636,1
214,Q,0.636,1
215,P,0.633,1
216,P,0.628,1
217,L,0.634,1
218,P,0.661,1
219,P,0.705,1
220,A,0.724,1
221,P,0.72,1
222,L,0.717,1
223,L,0.744,1
224,P,0.797,1
225,P,0.834,1
226,S,0.845,1
227,L,0.853,1
228,A,0.869,1
229,N,0.88,1
230,G,0.879,1
231,S,0.877,1
232,I,0.892,1
233,V,0.92,1
234,P,0.939,1
235,T,0.945,1
236,A,0.948,1
237,K,0.956,1
238,P,0.967,1
239,A,0.972,1
240,P,0.973,1
241,T,0.97,1
242,L,0.967,1
243,I,0.967,1
244,K,0.965,1
245,Q,0.961,1
246,S,0.953,1
247,Q,0.939,1
248,P,0.923,1
249,K,0.911,1
250,S,0.908,1
251,A,0.905,1
252,S,0.89,1
253,E,0.867,1
254,K,0.843,1
255,S,0.819,1
256,Q,0.806,1
257,R,0.793,1
258,S,0.776,1
259,K,0.771,1
260,K,0.774,1
261,A,0.777,1
262,K,0.789,1
263,E,0.795,1
264,L,0.789,1
265,K,0.763,1
266,P,0.711,1
267,K,0.624,1
268,V,0.521,1
269,K,0.454,1
270,K,0.421,1
271,L,0.407,1
272,K,0.391,1
273,Y,0.373,1
274,H,0.345,0
275,Q,0.31,0
276,Y,0.268,0
277,I,0.226,0
278,P,0.197,0
279,P,0.181,0
280,D,0.17,0
281,Q,0.157,0
282,K,0.148,0
283,Q,0.148,0
284,D,0.151,0
285,K,0.149,0
286,G,0.143,0
287,A,0.137,0
288,P,0.131,0
289,A,0.12,0
290,M,0.116,0
291,D,0.122,0
292,S,0.131,0
293,S,0.127,0
294,Y,0.106,0
295,A,0.083,0
296,K,0.068,0
297,I,0.061,0
298,L,0.056,0
299,Q,0.051,0
300,Q,0.053,0
301,Q,0.074,0
302,Q,0.119,0
303,L,0.178,0
304,F,0.221,0
305,L,0.247,0
306,Q,0.265,0
307,L,0.258,0
308,Q,0.242,0
309,I,0.262,0
310,L,0.329,0
311,N,0.384,1
312,Q,0.46,1
313,Q,0.548,1
314,Q,0.657,1
315,Q,0.743,1
316,Q,0.798,1
317,Q,0.829,1
318,Q,0.836,1
319,Q,0.828,1
320,Q,0.836,1
321,H,0.858,1
322,Y,0.875,1
323,N,0.876,1
324,Y,0.862,1
325,Q,0.848,1
326,A,0.856,1
327,I,0.876,1
328,L,0.895,1
329,P,0.904,1
330,A,0.914,1
331,P,0.919,1
332,P,0.93,1
333,K,0.946,1
334,P,0.954,1
335,S,0.957,1
336,A,0.959,1
337,E,0.962,1
338,T,0.966,1
339,P,0.969,1
340,G,0.972,1
341,S,0.974,1
342,S,0.975,1
343,A,0.976,1
344,P,0.978,1
345,T,0.978,1
346,P,0.98,1
347,S,0.981,1
348,R,0.981,1
349,S,0.982,1
350,L,0.982,1
351,S,0.982,1
352,T,0.983,1
353,S,0.984,1
354,S,0.983,1
355,S,0.981,1
356,P,0.976,1
357,S,0.969,1
358,S,0.958,1
359,G,0.948,1
360,T,0.932,1
361,P,0.914,1
362,G,0.893,1
363,P,0.875,1
364,S,0.851,1
365,G,0.824,1
366,L,0.799,1
367,A,0.77,1
368,R,0.739,1
369,Q,0.717,1
370,S,0.684,1
371,S,0.661,1
372,T,0.654,1
373,A,0.645,1
374,L,0.624,1
375,A,0.572,1
376,A,0.505,1
377,K,0.446,1
378,P,0.387,1
379,G,0.331,0
380,A,0.273,0
381,L,0.223,0
382,P,0.17,0
383,A,0.127,0
384,N,0.099,0
385,L,0.077,0
386,D,0.059,0
387,D,0.045,0
388,M,0.037,0
389,K,0.033,0
390,V,0.031,0
391,A,0.028,0
392,E,0.026,0
393,L,0.024,0
394,K,0.024,0
395,Q,0.025,0
396,E,0.026,0
397,L,0.027,0
398,K,0.026,0
399,L,0.024,0
400,R,0.024,0
401,S,0.026,0
402,L,0.03,0
403,P,0.036,0
404,V,0.04,0
405,S,0.041,0
406,G,0.041,0
407,T,0.041,0
408,K,0.041,0
409,T,0.041,0
410,E,0.044,0
411,L,0.055,0
412,I,0.071,0
413,E,0.084,0
414,R,0.093,0
415,L,0.101,0
416,R,0.105,0
417,A,0.107,0
418,Y,0.114,0
419,Q,0.132,0
420,D,0.161,0
421,Q,0.196,0
422,V,0.226,0
423,S,0.254,0
424,P,0.289,0
425,A,0.339,0
426,P,0.399,1
427,G,0.442,1
428,A,0.453,1
429,P,0.449,1
430,K,0.433,1
431,A,0.397,1
432,P,0.359,1
433,A,0.308,0
434,T,0.256,0
435,T,0.218,0
436,S,0.19,0
437,V,0.166,0
438,L,0.143,0
439,S,0.125,0
440,K,0.116,0
441,A,0.108,0
442,G,0.091,0
443,E,0.078,0
444,V,0.075,0
445,V,0.076,0
446,V,0.076,0
447,A,0.072,0
448,F,0.063,0
449,P,0.056,0
450,A,0.047,0
451,A,0.037,0
452,L,0.032,0
453,L,0.029,0
454,S,0.027,0
455,T,0.025,0
456,G,0.024,0
457,S,0.023,0
458,A,0.022,0
459,L,0.02,0
460,V,0.02,0
461,T,0.021,0
462,A,0.022,0
463,G,0.023,0
464,L,0.025,0
465,A,0.03,0
466,P,0.037,0
467,A,0.043,0
468,E,0.048,0
469,M,0.057,0
470,V,0.066,0
471,V,0.072,0
472,A,0.07,0
473,T,0.069,0
474,V,0.08,0
475,T,0.106,0
476,S,0.15,0
477,N,0.198,0
478,G,0.251,0
479,M,0.325,0
480,V,0.402,1
481,K,0.464,1
482,F,0.507,1
483,G,0.544,1
484,S,0.577,1
485,T,0.611,1
486,G,0.637,1
487,S,0.648,1
488,T,0.643,1
489,P,0.643,1
490,P,0.666,1
491,V,0.704,1
492,S,0.74,1
493,P,0.758,1
494,T,0.758,1
495,P,0.749,1
496,S,0.708,1
497,E,0.642,1
498,R,0.589,1
499,S,0.609,1
500,L,0.674,1
501,L,0.725,1
502,S,0.77,1
503,T,0.79,1
504,G,0.781,1
505,D,0.754,1
506,E,0.727,1
507,N,0.708,1
508,S,0.684,1
509,T,0.659,1
510,P,0.603,1
511,G,0.532,1
512,D,0.458,1
513,A,0.366,1
514,F,0.299,0
515,G,0.256,0
516,E,0.236,0
517,M,0.224,0
518,V,0.198,0
519,T,0.165,0
520,S,0.136,0
521,P,0.12,0
522,L,0.116,0
523,T,0.109,0
524,Q,0.088,0
525,L,0.063,0
526,T,0.048,0
527,L,0.042,0
528,Q,0.039,0
529,A,0.038,0
530,S,0.037,0
531,P,0.038,0
532,L,0.037,0
533,Q,0.035,0
534,I,0.032,0
535,V,0.029,0
536,K,0.029,0
537,E,0.031,0
538,E,0.035,0
539,G,0.039,0
540,A,0.041,0
541,R,0.042,0
542,A,0.039,0
543,A,0.035,0
544,S,0.031,0
545,C,0.029,0
546,C,0.026,0
547,L,0.024,0
548,S,0.022,0
549,P,0.022,0
550,G,0.024,0
551,A,0.029,0
552,R,0.034,0
553,A,0.038,0
554,E,0.042,0
555,L,0.044,0
556,E,0.045,0
557,G,0.046,0
558,L,0.048,0
559,D,0.05,0
560,K,0.051,0
561,D,0.049,0
562,Q,0.049,0
563,M,0.05,0
564,L,0.048,0
565,Q,0.045,0
566,E,0.041,0
567,K,0.039,0
568,D,0.038,0
569,K,0.036,0
570,Q,0.031,0
571,I,0.026,0
572,E,0.025,0
573,E,0.027,0
574,L,0.03,0
575,T,0.033,0
576,R,0.034,0
577,M,0.035,0
578,L,0.04,0
579,Q,0.046,0
580,Q,0.05,0
581,K,0.055,0
582,Q,0.065,0
583,Q,0.08,0
584,L,0.09,0
585,V,0.09,0
586,E,0.084,0
587,L,0.079,0
588,L,0.077,0
589,R,0.08,0
590,L,0.092,0
591,Q,0.117,0
592,L,0.156,0
593,E,0.219,0
594,Q,0.312,0
595,Q,0.439,1
596,K,0.566,1
597,R,0.675,1
598,A,0.76,1
599,Q,0.805,1
600,Q,0.842,1
601,P,0.873,1
602,A,0.894,1
603,P,0.915,1
604,A,0.934,1
605,S,0.94,1
606,S,0.939,1
607,P,0.937,1
608,V,0.934,1
609,K,0.929,1
610,R,0.918,1
611,E,0.897,1
612,S,0.859,1
613,G,0.81,1
614,F,0.759,1
615,S,0.719,1
616,S,0.748,1
617,C,0.814,1
618,Q,0.862,1
619,L,0.899,1
620,S,0.92,1
621,C,0.936,1
622,Q,0.947,1
623,P,0.952,1
624,Q,0.955,1
625,G,0.955,1
626,S,0.952,1
627,A,0.945,1
628,H,0.937,1
629,A,0.925,1
630,F,0.915,1
631,G,0.909,1
632,S,0.906,1
633,G,0.893,1
634,L,0.865,1
635,V,0.858,1
636,V,0.883,1
637,P,0.893,1
638,T,0.892,1
639,T,0.892,1
640,N,0.899,1
641,H,0.908,1
642,G,0.919,1
643,D,0.932,1
644,T,0.938,1
645,Q,0.934,1
646,A,0.925,1
647,P,0.915,1
648,A,0.915,1
649,P,0.923,1
650,E,0.929,1
651,S,0.928,1
652,P,0.924,1
653,P,0.915,1
654,V,0.915,1
655,V,0.918,1
656,V,0.911,1
657,K,0.895,1
658,Q,0.886,1
659,E,0.895,1
660,A,0.916,1
661,G,0.931,1
662,P,0.93,1
663,P,0.911,1
664,E,0.894,1
665,P,0.88,1
666,D,0.855,1
667,L,0.822,1
668,A,0.798,1
669,P,0.786,1
670,S,0.767,1
671,S,0.74,1
672,Q,0.7,1
673,L,0.65,1
674,L,0.606,1
675,L,0.545,1
676,G,0.479,1
677,S,0.439,1
678,Q,0.412,1
679,G,0.333,0
680,T,0.217,0
681,S,0.156,0
682,F,0.148,0
683,L,0.175,0
684,K,0.222,0
685,R,0.239,0
686,V,0.207,0
687,S,0.154,0
688,P,0.115,0
689,P,0.102,0
690,T,0.106,0
691,L,0.104,0
692,V,0.095,0
693,T,0.089,0
694,D,0.081,0
695,S,0.075,0
696,T,0.076,0
697,G,0.084,0
698,T,0.078,0
699,H,0.073,0
700,L,0.072,0
701,I,0.086,0
702,L,0.122,0
703,T,0.151,0
704,V,0.16,0
705,T,0.173,0
706,N,0.205,0
707,K,0.25,0
708,S,0.311,0
709,A,0.375,1
710,D,0.43,1
711,G,0.508,1
712,P,0.609,1
713,G,0.694,1
714,L,0.742,1
715,P,0.769,1
716,A,0.798,1
717,G,0.827,1
718,S,0.839,1
719,P,0.85,1
720,Q,0.869,1
721,Q,0.896,1
722,P,0.923,1
723,L,0.941,1
724,S,0.95,1
725,Q,0.955,1
726,P,0.956,1
727,G,0.95,1
728,S,0.94,1
729,P,0.93,1
730,A,0.93,1
731,P,0.933,1
732,G,0.932,1
733,P,0.938,1
734,P,0.939,1
735,A,0.941,1
736,Q,0.94,1
737,M,0.937,1
738,D,0.937,1
739,L,0.943,1
740,E,0.949,1
741,H,0.956,1
742,P,0.96,1
743,P,0.962,1
744,Q,0.963,1
745,P,0.964,1
746,P,0.964,1
747,F,0.961,1
748,A,0.957,1
749,T,0.955,1
750,P,0.957,1
751,T,0.96,1
752,S,0.963,1
753,L,0.965,1
754,L,0.967,1
755,K,0.968,1
756,K,0.966,1
757,E,0.963,1
758,P,0.961,1
759,P,0.958,1
760,G,0.951,1
761,Y,0.939,1
762,E,0.932,1
763,E,0.932,1
764,T,0.934,1
765,V,0.937,1
766,T,0.94,1
767,Q,0.945,1
768,Q,0.949,1
769,P,0.953,1
770,K,0.955,1
771,Q,0.953,1
772,Q,0.946,1
773,E,0.937,1
774,N,0.934,1
775,G,0.932,1
776,S,0.92,1
777,S,0.891,1
778,S,0.853,1
779,Q,0.801,1
780,H,0.742,1
781,M,0.722,1
782,D,0.719,1
783,D,0.721,1
784,L,0.729,1
785,F,0.74,1
786,D,0.776,1
787,I,0.804,1
788,L,0.805,1
789,I,0.797,1
790,Q,0.8,1
791,S,0.788,1
792,G,0.761,1
793,E,0.737,1
794,I,0.72,1
795,S,0.72,1
796,A,0.746,1
797,D,0.766,1
798,F,0.76,1
799,K,0.727,1
800,E,0.68,1
801,P,0.654,1
802,P,0.662,1
803,S,0.684,1
804,L,0.684,1
805,P,0.672,1
806,G,0.695,1
807,K,0.753,1
808,E,0.793,1
809,K,0.818,1
810,S,0.842,1
811,P,0.867,1
812,P,0.891,1
813,A,0.904,1
814,A,0.91,1
815,A,0.909,1
816,A,0.918,1
817,Y,0.934,1
818,G,0.944,1
819,P,0.946,1
820,P,0.94,1
821,L,0.931,1
822,T,0.921,1
823,P,0.908,1
824,Q,0.899,1
825,P,0.894,1
826,S,0.883,1
827,P,0.87,1
828,L,0.855,1
829,S,0.844,1
830,E,0.841,1
831,L,0.841,1
832,P,0.833,1
833,Q,0.827,1
834,A,0.822,1
835,A,0.822,1
836,P,0.83,1
837,P,0.819,1
838,P,0.794,1
839,G,0.763,1
840,S,0.722,1
841,P,0.661,1
842,T,0.588,1
843,L,0.521,1
844,P,0.469,1
845,G,0.453,1
846,R,0.459,1
847,L,0.451,1
848,E,0.432,1
849,D,0.423,1
850,F,0.426,1
851,L,0.418,1
852,E,0.395,1
853,S,0.379,1
854,S,0.386,1
855,T,0.407,1
856,G,0.423,1
857,L,0.417,1
858,P,0.405,1
859,L,0.399,1
860,L,0.402,1
861,T,0.405,1
862,S,0.392,1
863,G,0.374,1
864,H,0.348,0
865,E,0.334,0
866,G,0.334,0
867,P,0.344,0
868,E,0.359,1
869,P,0.365,1
870,L,0.35,1
871,S,0.328,0
872,L,0.313,0
873,I,0.307,0
874,D,0.32,0
875,D,0.338,0
876,L,0.361,1
877,H,0.376,1
878,S,0.385,1
879,Q,0.392,1
880,M,0.408,1
881,L,0.43,1
882,S,0.444,1
883,S,0.45,1
884,S,0.448,1
885,A,0.434,1
886,I,0.42,1
887,L,0.435,1
888,D,0.46,1
889,H,0.475,1
890,P,0.461,1
891,P,0.44,1
892,S,0.419,1
893,P,0.402,1
894,M,0.385,1
895,D,0.361,1
896,T,0.316,0
897,S,0.268,0
898,E,0.242,0
899,L,0.227,0
900,H,0.198,0
901,F,0.175,0
902,A,0.179,0
903,P,0.208,0
904,E,0.225,0
905,P,0.211,0
906,S,0.194,0
907,S,0.185,0
908,G,0.185,0
909,M,0.17,0
910,G,0.126,0
911,L,0.083,0
912,D,0.063,0
913,L,0.055,0
914,A,0.056,0
915,V,0.062,0
916,G,0.068,0
917,H,0.08,0
918,L,0.096,0
919,D,0.093,0
920,S,0.075,0
921,M,0.062,0
922,D,0.052,0
923,W,0.045,0
924,L,0.038,0
925,E,0.035,0
926,L,0.038,0
927,S,0.045,0
928,S,0.054,0
929,G,0.061,0
930,G,0.06,0
931,P,0.054,0
932,V,0.045,0
933,L,0.038,0
934,S,0.034,0
935,L,0.034,0
936,A,0.037,0
937,P,0.04,0
938,L,0.043,0
939,S,0.046,0
940,T,0.049,0
941,A,0.052,0
942,A,0.051,0
943,P,0.046,0
944,S,0.041,0
945,L,0.037,0
946,F,0.035,0
947,S,0.032,0
948,M,0.029,0
949,D,0.026,0
950,F,0.035,0
951,L,0.071,0
952,D,0.121,0
953,G,0.153,0
954,H,0.184,0
955,D,0.245,0
956,L,0.282,0
957,Q,0.282,0
958,L,0.288,0
959,H,0.301,0
960,W,0.304,0
961,D,0.35,1
962,S,0.482,1
963,C,0.476,1
964,L,0.472,1
